0,459
0,458
0,386
43,5
52,52
52,51
52,50
52,49
52,48
52,47
52,46
52,45
52,44
52,43
52,42
52,41
52,40
52,39
52,38
52,37
52,36
52,35
10,10
10,164
10,286
10,294
10,254
9,7
9,6
9,1
9,4
9,2
9,3
8,14
8,6
8,16
8,11
8,17
8,8
8,2
8,3
43,4
43,3
43,1
40,2
39,3
39,1
30,4
30,1
29,4
29,3
29,1
28,3
28,1
20,3
20,2
20,1
19,3
19,2
19,1
12,3
12,2
12,1
11,29
11,28
11,27
11,26
11,25
11,24
11,23
11,22
11,21
11,20
11,19
11,18
11,17
11,16
11,15
11,14
11,13
11,12
11,10
11,9
11,8
11,6
11,4
11,3
11,2
11,1
10,300
10,270
10,248
10,246
10,237
10,228
10,226
10,216
10,200
10,194
